63
ARI_159357_83_S15_L006 0.0000000000 0.0203960940 0.0212421641 0.0263139023 0.1811722605 0.1778967835 0.1703524138 0.1837090090 0.1737844385 0.1569376236 0.1576563930 0.1570065655 0.5204411960 0.5206836812 0.5176636904 0.1491473436 0.1514425069 0.1536831801 0.2863761103 0.2805226444 0.2742108824 0.2766076654 0.1557853922 0.1623717928 0.1747555407 0.1621528744 0.1604770472 0.1615253626 0.1636082184 0.1569043515 0.1541383566 0.1593720438 0.1675105836 0.1527729398 0.1590397764 0.1566974875 0.1613357217 0.1648175635 0.1587166329 0.1604299225 0.1685296728 0.1535921861 0.1609076478 0.1606501861 0.1713995599 0.1597828316 0.1696117520 0.1581417955 0.1546994169 0.1817156758 0.1608721716 0.1640315770 0.1584647955 0.1628152140 0.1748913743 0.1548957797 0.1678776021 0.1588028993 0.1610003308 0.1499112472 0.1511174398 0.1647163384 0.1694393524 
ARI_159357_84_S3_L006  0.0203960940 0.0000000000 0.0170397607 0.0205695771 0.1749563504 0.1716087483 0.1638956134 0.1775192638 0.1675429357 0.1509598631 0.1517138648 0.1511960409 0.5152684130 0.5154322300 0.5119729968 0.1428910615 0.1453429618 0.1474746156 0.2799673208 0.2741637940 0.2674314495 0.2699128576 0.1502206796 0.1564172335 0.1688049658 0.1560961614 0.1545197157 0.1555466046 0.1580986061 0.1509839614 0.1479126660 0.1537617957 0.1617186692 0.1464633815 0.1533273222 0.1509284921 0.1554844473 0.1588453364 0.1527491437 0.1540722824 0.1622333219 0.1475726756 0.1549743725 0.1546670223 0.1656323685 0.1539369201 0.1633171174 0.1521924233 0.1489728507 0.1758173314 0.1549627562 0.1579631891 0.1521166147 0.1568397765 0.1689399548 0.1488991366 0.1617711718 0.1528032504 0.1549467544 0.1437157259 0.1451703869 0.1591481516 0.1634081029 
ARI_195935_1_S8_L006   0.0212421641 0.0170397607 0.0000000000 0.0197601481 0.1722140738 0.1689833504 0.1613083334 0.1747879330 0.1644725100 0.1479215777 0.1486668010 0.1476587619 0.5095840696 0.5094818176 0.5065442590 0.1405070341 0.1429433819 0.1450001689 0.2771966334 0.2712979319 0.2647855222 0.2671614239 0.1472568483 0.1532337944 0.1658027670 0.1529786563 0.1512705249 0.1529310506 0.1551748408 0.1485007609 0.1456735473 0.1509488796 0.1588921840 0.1439699208 0.1504573721 0.1479415626 0.1526418623 0.1559418129 0.1500818496 0.1515049014 0.1597058939 0.1451926056 0.1522812685 0.1517032380 0.1625735410 0.1510772844 0.1603789129 0.1494929863 0.1463514590 0.1730905954 0.1522339713 0.1554065860 0.1496672899 0.1541236453 0.1659986176 0.1466020475 0.1592388513 0.1503747591 0.1523634463 0.1412621896 0.1427064837 0.1561551667 0.1606340772 
ARI_T84_79_S1_L006     0.0263139023 0.0205695771 0.0197601481 0.0000000000 0.1767488146 0.1731158828 0.1654729537 0.1791316826 0.1686973529 0.1520198202 0.1529861936 0.1522038182 0.5176604570 0.5177329575 0.5139736106 0.1459185605 0.1483871029 0.1504125442 0.2831656988 0.2772538034 0.2708810531 0.2732656647 0.1514131804 0.1574887615 0.1699978858 0.1570319007 0.1553011338 0.1566214006 0.1589910981 0.1537537735 0.1511409971 0.1564958459 0.1623939557 0.1474542625 0.1539897488 0.1519563603 0.1561859305 0.1597984775 0.1541207351 0.1555684483 0.1634727426 0.1488611499 0.1562456931 0.1555891270 0.1665835732 0.1551771865 0.1646671903 0.1540466263 0.1508307489 0.1773634837 0.1567898601 0.1597211737 0.1539852480 0.1586154262 0.1708001507 0.1520383366 0.1645629635 0.1558402274 0.1577193900 0.1467135147 0.1481410216 0.1602740619 0.1647724044 
AUR_T102_3_S33_L003    0.1811722605 0.1749563504 0.1722140738 0.1767488146 0.0000000000 0.0241525308 0.0303713672 0.0371258677 0.0787713605 0.0669374371 0.0629782835 0.0631030765 0.4991287806 0.5006744435 0.4961981657 0.1416335018 0.1446067074 0.1462967339 0.2622501581 0.2576577302 0.2514393961 0.2509332763 0.0681409831 0.0678268403 0.0802852983 0.0675484978 0.0651176529 0.0736884142 0.0762814368 0.1495408805 0.1463072310 0.1499298916 0.0819010784 0.0697368059 0.0747327794 0.0711824572 0.0761426677 0.0824228546 0.0748360965 0.0781084110 0.0858064433 0.0716822554 0.0729213691 0.0666162809 0.0767914896 0.0668073101 0.0764849613 0.0710361551 0.0699435389 0.0932114539 0.0736305730 0.0757543496 0.0711339791 0.0753163492 0.0872274551 0.1461305232 0.1607749350 0.1520098764 0.1531077368 0.1390251309 0.1441778663 0.0758006803 0.0809122135 
AUR_T104_9_S36_L003    0.1778967835 0.1716087483 0.1689833504 0.1731158828 0.0241525308 0.0000000000 0.0228922832 0.0325722390 0.0768884146 0.0648233400 0.0608031131 0.0608123867 0.4961529461 0.4976431100 0.4929707630 0.1385667899 0.1414874683 0.1431724627 0.2594320387 0.2550755734 0.2487195857 0.2487898609 0.0657204732 0.0652628769 0.0780628615 0.0657675268 0.0631586813 0.0711319879 0.0734290463 0.1464781251 0.1431127916 0.1468739829 0.0792823317 0.0677431008 0.0726704111 0.0693966005 0.0739219368 0.0800159460 0.0727641090 0.0759606443 0.0836260044 0.0696911080 0.0702704592 0.0642312179 0.0745201814 0.0644067716 0.0742406830 0.0690535833 0.0680129610 0.0911543005 0.0716593009 0.0741181040 0.0692973352 0.0733183510 0.0854300473 0.1430362854 0.1575841726 0.1488463379 0.1500590620 0.1360861168 0.1412978882 0.0734005891 0.0785101455 
AUR_T50_2_S46_L003     0.1703524138 0.1638956134 0.1613083334 0.1654729537 0.0303713672 0.0228922832 0.0000000000 0.0361639539 0.0710049863 0.0593913589 0.0553824240 0.0558503348 0.4865484926 0.4881374247 0.4838859751 0.1322489082 0.1352362783 0.1367057525 0.2496989742 0.2459595790 0.2395533563 0.2402750093 0.0604259229 0.0598200031 0.0722644648 0.0598989148 0.0574980736 0.0658368930 0.0677984312 0.1400500567 0.1367267388 0.1404863502 0.0737806136 0.0620190270 0.0672207427 0.0640921883 0.0681467441 0.0741544839 0.0671647268 0.0704605431 0.0778152486 0.0640854067 0.0651822273 0.0588854561 0.0684712621 0.0589688108 0.0684024593 0.0632624136 0.0622881311 0.0847561778 0.0657916759 0.0681294871 0.0634558866 0.0673773746 0.0795549902 0.1368312856 0.1509800984 0.1422656576 0.1438116083 0.1300142161 0.1350082787 0.0681031214 0.0728475765 
AUR_T92_6_S40_L003     0.1837090090 0.1775192638 0.1747879330 0.1791316826 0.0371258677 0.0325722390 0.0361639539 0.0000000000 0.0799921870 0.0679943256 0.0637474792 0.0643504141 0.5019389546 0.5033415168 0.4987467870 0.1444306957 0.1472023556 0.1489116267 0.2676035879 0.2633133441 0.2573228856 0.2568344139 0.0692878698 0.0689184226 0.0821205177 0.0683891385 0.0661084797 0.0751759212 0.0773444399 0.1522268263 0.1488552636 0.1526596648 0.0829539151 0.0712279704 0.0761698884 0.0728014066 0.0773679959 0.0837027246 0.0765957690 0.0800153482 0.0878240325 0.0732904893 0.0745933963 0.0678776824 0.0781434756 0.0680658940 0.0776894452 0.0723539204 0.0711639186 0.0949218386 0.0749914268 0.0772777629 0.0723422549 0.0767357961 0.0890481303 0.1487382752 0.1633929818 0.1547574987 0.1559349374 0.1418934179 0.1469862212 0.0770021132 0.0821594333 
CAL_T144_3_S47_L003    0.1737844385 0.1675429357 0.1644725100 0.1686973529 0.0787713605 0.0768884146 0.0710049863 0.0799921870 0.0000000000 0.0337419168 0.0379550434 0.0381853648 0.4925497811 0.4944235093 0.4895431244 0.1361355324 0.1392698282 0.1408322290 0.2617496854 0.2565768771 0.2507943346 0.2520328286 0.0484185374 0.0401572431 0.0514870005 0.0402900585 0.0381384395 0.0554468297 0.0576617681 0.1444386295 0.1410277808 0.1439309078 0.0641964415 0.0537091250 0.0579446512 0.0555056037 0.0597669934 0.0656152522 0.0575162065 0.0595601209 0.0673232357 0.0539912114 0.0549523710 0.0401102469 0.0452374200 0.0391057925 0.0412021208 0.0531065758 0.0520174035 0.0735734490 0.0555025944 0.0570452752 0.0522737444 0.0571072684 0.0691704209 0.1405975451 0.1552194970 0.1466699626 0.1475622758 0.1331335401 0.1390233160 0.0571260012 0.0624012544 
CAL_T150_10_S38_L003   0.1569376236 0.1509598631 0.1479215777 0.1520198202 0.0669374371 0.0648233400 0.0593913589 0.0679943256 0.0337419168 0.0000000000 0.0276682803 0.0268407915 0.4765591779 0.4781994869 0.4738593865 0.1214217354 0.1248807849 0.1262332048 0.2463237607 0.2409798517 0.2347499033 0.2364968429 0.0367106746 0.0325939459 0.0437066012 0.0324655033 0.0309157413 0.0433655208 0.0451888983 0.1299929837 0.1264089134 0.1296319496 0.0513562084 0.0414876751 0.0449397748 0.0427134357 0.0466003800 0.0513058682 0.0440644737 0.0468789180 0.0538110297 0.0416962029 0.0426568573 0.0315838764 0.0376934257 0.0312163418 0.0354412141 0.0440050948 0.0425055999 0.0635306354 0.0462854852 0.0474172037 0.0434135411 0.0477794643 0.0593071662 0.1264085715 0.1407724158 0.1319125161 0.1330006467 0.1193601067 0.1245071264 0.0448299373 0.0490955212 
CAL_T90_2_S44_L003     0.1576563930 0.1517138648 0.1486668010 0.1529861936 0.0629782835 0.0608031131 0.0553824240 0.0637474792 0.0379550434 0.0276682803 0.0000000000 0.0197506063 0.4750548409 0.4765152013 0.4717413707 0.1211385224 0.1239487625 0.1257265153 0.2449065861 0.2399303411 0.2339748727 0.2351298702 0.0393672671 0.0326908757 0.0442507699 0.0326505491 0.0314815842 0.0457327888 0.0476282784 0.1295142912 0.1254105171 0.1288183037 0.0540364363 0.0435476987 0.0474591120 0.0450344426 0.0489504822 0.0537144386 0.0471883462 0.0491714444 0.0560594198 0.0436208896 0.0452123012 0.0321407765 0.0391889432 0.0325336974 0.0365612132 0.0435140275 0.0418675592 0.0628143897 0.0457534119 0.0468623800 0.0427871130 0.0473198375 0.0583617796 0.1255588819 0.1400486234 0.1314894925 0.1323837395 0.1185952043 0.1240474506 0.0472725109 0.0518007196 
CAL_T91_7_S35_L003     0.1570065655 0.1511960409 0.1476587619 0.1522038182 0.0631030765 0.0608123867 0.0558503348 0.0643504141 0.0381853648 0.0268407915 0.0197506063 0.0000000000 0.4752975610 0.4769220313 0.4724981043 0.1206952996 0.1237435776 0.1251602871 0.2440031670 0.2395002111 0.2335236115 0.2349022307 0.0383090839 0.0325135323 0.0436308684 0.0329894634 0.0312238243 0.0452519211 0.0470224112 0.1288471296 0.1254181156 0.1284453115 0.0536297162 0.0429061848 0.0471418955 0.0445583458 0.0484282490 0.0531944119 0.0464454001 0.0484703367 0.0556127351 0.0432249503 0.0444521321 0.0317496949 0.0389015819 0.0321227541 0.0368459460 0.0433611248 0.0416355410 0.0628924429 0.0455758190 0.0466287068 0.0426717285 0.0471579428 0.0582399567 0.1251482800 0.1396942382 0.1312051458 0.1320943182 0.1182183877 0.1238325497 0.0467630029 0.0512462853 
CLV11_S21_L006         0.5204411960 0.5152684130 0.5095840696 0.5176604570 0.4991287806 0.4961529461 0.4865484926 0.5019389546 0.4925497811 0.4765591779 0.4750548409 0.4752975610 0.0000000000 0.0070873686 0.0422170385 0.4963957127 0.4985231095 0.4995326124 0.5399833557 0.5348587633 0.5293100097 0.5332074189 0.4751913123 0.4789481686 0.4931802300 0.4789421974 0.4782915699 0.4795307875 0.4820703340 0.5029648587 0.4984288107 0.5034793212 0.4875803197 0.4743864188 0.4776597361 0.4754120540 0.4810668125 0.4850827797 0.4779091078 0.4833347669 0.4919642753 0.4753827567 0.4786299891 0.4778043105 0.4892464976 0.4785716454 0.4870064968 0.4820417002 0.4800171065 0.5029980413 0.4843430640 0.4871125487 0.4819147905 0.4860468790 0.4972797810 0.5003560579 0.5125531796 0.5043989362 0.5068244203 0.4962122667 0.4967999599 0.4828329409 0.4883171544 
CLV4_S20_L006          0.5206836812 0.5154322300 0.5094818176 0.5177329575 0.5006744435 0.4976431100 0.4881374247 0.5033415168 0.4944235093 0.4781994869 0.4765152013 0.4769220313 0.0070873686 0.0000000000 0.0408749279 0.4973467285 0.4996907126 0.5006433963 0.5405554546 0.5352494039 0.5298462141 0.5337524140 0.4769100523 0.4805633571 0.4948592194 0.4806871839 0.4799191758 0.4813269154 0.4838895478 0.5041632408 0.4994830922 0.5046619124 0.4894624015 0.4763189949 0.4794332152 0.4771227577 0.4828575979 0.4873800886 0.4797761637 0.4849456402 0.4940127902 0.4771746399 0.4804340581 0.4795088422 0.4910317019 0.4802250268 0.4886787470 0.4837280874 0.4815669638 0.5046091413 0.4860892419 0.4887276682 0.4836528139 0.4877386224 0.4988652314 0.5015445212 0.5136527086 0.5054832710 0.5080008579 0.4973823201 0.4979714707 0.4846723063 0.4899819491 
CLV_GH_S52_L003        0.5176636904 0.5119729968 0.5065442590 0.5139736106 0.4961981657 0.4929707630 0.4838859751 0.4987467870 0.4895431244 0.4738593865 0.4717413707 0.4724981043 0.0422170385 0.0408749279 0.0000000000 0.4931183431 0.4955478446 0.4964121610 0.5343709112 0.5292100774 0.5236370352 0.5276393838 0.4730858877 0.4757228081 0.4901553431 0.4757375994 0.4749940465 0.4775233590 0.4799248410 0.4999757474 0.4955621026 0.5007456106 0.4859903457 0.4726730381 0.4764378028 0.4737891477 0.4794612663 0.4840112980 0.4763951684 0.4815165971 0.4905104201 0.4735536228 0.4766508773 0.4747094107 0.4860928862 0.4757455680 0.4835096673 0.4791680906 0.4768908776 0.5000279101 0.4815691994 0.4843137983 0.4788425018 0.4832453612 0.4944901651 0.4972901510 0.5093681513 0.5010517950 0.5036211775 0.4931086805 0.4935544036 0.4809881161 0.4861052793 
ECSC_par_157_S347      0.1491473436 0.1428910615 0.1405070341 0.1459185605 0.1416335018 0.1385667899 0.1322489082 0.1444306957 0.1361355324 0.1214217354 0.1211385224 0.1206952996 0.4963957127 0.4973467285 0.4931183431 0.0000000000 0.0061325640 0.0026228004 0.2576572447 0.2514595595 0.2451065088 0.2479964610 0.1225162501 0.1239982389 0.1381219115 0.1241102877 0.1229574781 0.1282103473 0.1305692366 0.0154623700 0.0100254694 0.0203494005 0.1359960587 0.1229341962 0.1281856867 0.1250479684 0.1301300763 0.1356962621 0.1281277321 0.1311226150 0.1391394808 0.1239649813 0.1273523473 0.1229658945 0.1329926956 0.1238356604 0.1327361507 0.1038573941 0.1006869851 0.1256635802 0.1065769292 0.1104784153 0.1033618229 0.1083599596 0.1179427926 0.0139871115 0.0244275652 0.0141500570 0.0180225673 0.0122863333 0.0131979398 0.1309449953 0.1356179978 
ECSC_par_179_S276      0.1514425069 0.1453429618 0.1429433819 0.1483871029 0.1446067074 0.1414874683 0.1352362783 0.1472023556 0.1392698282 0.1248807849 0.1239487625 0.1237435776 0.4985231095 0.4996907126 0.4955478446 0.0061325640 0.0000000000 0.0072718765 0.2601218388 0.2541306824 0.2478302503 0.2505968388 0.1259956703 0.1272364705 0.1413490240 0.1273355318 0.1260897844 0.1314037947 0.1338766618 0.0125833191 0.0107307456 0.0181530493 0.1391317130 0.1261017392 0.1309722738 0.1281203226 0.1328602603 0.1386142066 0.1311083254 0.1340205204 0.1422193248 0.1269760547 0.1305173740 0.1260725015 0.1364631218 0.1266797399 0.1356353972 0.1063168764 0.1029166587 0.1281571590 0.1090529645 0.1129761521 0.1060772426 0.1108846730 0.1209982668 0.0122779360 0.0223455905 0.0141420386 0.0088410926 0.0083898953 0.0155731100 0.1338698779 0.1389507114 
ECSC_par_183_S287      0.1536831801 0.1474746156 0.1450001689 0.1504125442 0.1462967339 0.1431724627 0.1367057525 0.1489116267 0.1408322290 0.1262332048 0.1257265153 0.1251602871 0.4995326124 0.5006433963 0.4964121610 0.0026228004 0.0072718765 0.0000000000 0.2620092422 0.2559669812 0.2497001092 0.2525055107 0.1271368757 0.1284725862 0.1425320097 0.1286791317 0.1274946898 0.1326197573 0.1350233745 0.0177943300 0.0132978079 0.0233481982 0.1403836151 0.1271860261 0.1324473835 0.1294051528 0.1342814774 0.1399437928 0.1324532545 0.1353579793 0.1434668024 0.1282816045 0.1317223143 0.1273809904 0.1378647127 0.1282273008 0.1373389144 0.1076600807 0.1043780010 0.1302436477 0.1103983385 0.1147445014 0.1074489884 0.1122241112 0.1223289673 0.0162343299 0.0266475555 0.0158032804 0.0213001655 0.0144753888 0.0157303194 0.1352870104 0.1401379137 
GRA_T101_10_S43_L003   0.2863761103 0.2799673208 0.2771966334 0.2831656988 0.2622501581 0.2594320387 0.2496989742 0.2676035879 0.2617496854 0.2463237607 0.2449065861 0.2440031670 0.5399833557 0.5405554546 0.5343709112 0.2576572447 0.2601218388 0.2620092422 0.0000000000 0.0408197974 0.0347818834 0.0369904070 0.2491015604 0.2496205479 0.2653656014 0.2503819944 0.2491094194 0.2555544016 0.2578252689 0.2651659385 0.2625828779 0.2679267011 0.2637071674 0.2498052031 0.2553984375 0.2519652530 0.2576302598 0.2629456941 0.2550935673 0.2586112594 0.2670798080 0.2515716850 0.2547726273 0.2479761447 0.2601897916 0.2497456779 0.2576233324 0.2494582263 0.2467562068 0.2719704703 0.2521807430 0.2543654083 0.2493733005 0.2541895490 0.2660049563 0.2631007013 0.2768198751 0.2675956939 0.2690746455 0.2576687292 0.2595386361 0.2580751906 0.2634168058 
GRA_T61_9_S37_L003     0.2805226444 0.2741637940 0.2712979319 0.2772538034 0.2576577302 0.2550755734 0.2459595790 0.2633133441 0.2565768771 0.2409798517 0.2399303411 0.2395002111 0.5348587633 0.5352494039 0.5292100774 0.2514595595 0.2541306824 0.2559669812 0.0408197974 0.0000000000 0.0178446983 0.0237722821 0.2439339376 0.2445824785 0.2604173094 0.2447267476 0.2431692610 0.2506884888 0.2526505820 0.2590540285 0.2567300367 0.2621146932 0.2589732406 0.2450754520 0.2508242911 0.2473246112 0.2525910188 0.2580895570 0.2500015221 0.2537961763 0.2622670612 0.2467155128 0.2498657137 0.2427180977 0.2551793167 0.2444556703 0.2526034001 0.2441750721 0.2413409647 0.2673775691 0.2469278949 0.2497101049 0.2442249901 0.2489420654 0.2610596718 0.2570056670 0.2705886983 0.2612202955 0.2631630020 0.2515823986 0.2531924019 0.2533399303 0.2586598467 
GRA_T96_2_S51_L003     0.2742108824 0.2674314495 0.2647855222 0.2708810531 0.2514393961 0.2487195857 0.2395533563 0.2573228856 0.2507943346 0.2347499033 0.2339748727 0.2335236115 0.5293100097 0.5298462141 0.5236370352 0.2451065088 0.2478302503 0.2497001092 0.0347818834 0.0178446983 0.0000000000 0.0211624210 0.2379872227 0.2385482555 0.2546215776 0.2389401363 0.2373974225 0.2446628140 0.2468763969 0.2528833336 0.2503120318 0.2558142185 0.2527360108 0.2387992059 0.2444025054 0.2410544723 0.2465747056 0.2520767118 0.2438543965 0.2476257080 0.2561147440 0.2406655668 0.2438900870 0.2367238857 0.2495463682 0.2384954356 0.2464697307 0.2377466760 0.2349678435 0.2611579763 0.2405074440 0.2434674008 0.2378029786 0.2424878608 0.2545999086 0.2507083555 0.2643089823 0.2549725124 0.2570698560 0.2453178343 0.2469439000 0.2474823875 0.2528705350 
GRA_T99_1_S49_L003     0.2766076654 0.2699128576 0.2671614239 0.2732656647 0.2509332763 0.2487898609 0.2402750093 0.2568344139 0.2520328286 0.2364968429 0.2351298702 0.2349022307 0.5332074189 0.5337524140 0.5276393838 0.2479964610 0.2505968388 0.2525055107 0.0369904070 0.0237722821 0.0211624210 0.0000000000 0.2390740203 0.2398616115 0.2557178947 0.2404339186 0.2386902250 0.2454170257 0.2477596634 0.2557300262 0.2531254536 0.2584241554 0.2537648113 0.2394795487 0.2455808817 0.2421209302 0.2474012452 0.2528840116 0.2451923669 0.2486057326 0.2570675727 0.2417153166 0.2447452926 0.2376420854 0.2504287511 0.2399010217 0.2479815998 0.2396394093 0.2368594157 0.2626823723 0.2423616229 0.2447626460 0.2395527889 0.2443339422 0.2563930619 0.2534169595 0.2673277057 0.2581753439 0.2596233134 0.2480775783 0.2498260679 0.2479835409 0.2533074819 
LFP13_S10_L006         0.1557853922 0.1502206796 0.1472568483 0.1514131804 0.0681409831 0.0657204732 0.0604259229 0.0692878698 0.0484185374 0.0367106746 0.0393672671 0.0383090839 0.4751913123 0.4769100523 0.4730858877 0.1225162501 0.1259956703 0.1271368757 0.2491015604 0.2439339376 0.2379872227 0.2390740203 0.0000000000 0.0371295623 0.0480852949 0.0373670922 0.0342388557 0.0200234918 0.0214639530 0.1307260890 0.1267393548 0.1304014148 0.0367348638 0.0281435841 0.0308718201 0.0290086723 0.0319448681 0.0407151672 0.0340199603 0.0396210747 0.0453856621 0.0328760272 0.0196371023 0.0362201024 0.0425581671 0.0359846676 0.0442475964 0.0470710823 0.0454056878 0.0673593707 0.0493553478 0.0512593843 0.0468985906 0.0508916137 0.0627908273 0.1268821753 0.1413348806 0.1326692322 0.1338464090 0.1201476593 0.1254013095 0.0229363798 0.0256045266 
LON_DPR_Y3_S34_L003    0.1623717928 0.1564172335 0.1532337944 0.1574887615 0.0678268403 0.0652628769 0.0598200031 0.0689184226 0.0401572431 0.0325939459 0.0326908757 0.0325135323 0.4789481686 0.4805633571 0.4757228081 0.1239982389 0.1272364705 0.1284725862 0.2496205479 0.2445824785 0.2385482555 0.2398616115 0.0371295623 0.0000000000 0.0313044609 0.0209738887 0.0195845169 0.0440716358 0.0461314001 0.1327461706 0.1288802412 0.1317683331 0.0534774365 0.0435312125 0.0471789150 0.0442530150 0.0488511424 0.0540169616 0.0475551581 0.0493168512 0.0562959236 0.0435756092 0.0435903287 0.0220201012 0.0310789051 0.0207093538 0.0348318704 0.0392560008 0.0375383084 0.0585454438 0.0414896937 0.0423711312 0.0388075679 0.0430611590 0.0535926020 0.1287252543 0.1433678462 0.1347858841 0.1358484157 0.1212428540 0.1272690521 0.0458494290 0.0503648934 
LON_SS_Y16_S39_L003    0.1747555407 0.1688049658 0.1658027670 0.1699978858 0.0802852983 0.0780628615 0.0722644648 0.0821205177 0.0514870005 0.0437066012 0.0442507699 0.0436308684 0.4931802300 0.4948592194 0.4901553431 0.1381219115 0.1413490240 0.1425320097 0.2653656014 0.2604173094 0.2546215776 0.2557178947 0.0480852949 0.0313044609 0.0000000000 0.0331605057 0.0303596583 0.0554317177 0.0576664231 0.1470094627 0.1432096640 0.1459710190 0.0653323676 0.0542671784 0.0579640824 0.0555389788 0.0592411176 0.0662568043 0.0586081031 0.0606926596 0.0680128249 0.0545209562 0.0548734899 0.0317010938 0.0443119652 0.0151330707 0.0472875964 0.0508120324 0.0489573417 0.0714577749 0.0532149174 0.0539832006 0.0499194369 0.0548616570 0.0659915296 0.1427684948 0.1577397680 0.1490716684 0.1499107613 0.1353318859 0.1415579952 0.0574065233 0.0621729523 
LON_T33_1_S41_L003     0.1621528744 0.1560961614 0.1529786563 0.1570319007 0.0675484978 0.0657675268 0.0598989148 0.0683891385 0.0402900585 0.0324655033 0.0326505491 0.0329894634 0.4789421974 0.4806871839 0.4757375994 0.1241102877 0.1273355318 0.1286791317 0.2503819944 0.2447267476 0.2389401363 0.2404339186 0.0373670922 0.0209738887 0.0331605057 0.0000000000 0.0207788164 0.0443236742 0.0461391647 0.1327355879 0.1289830117 0.1316429251 0.0536808131 0.0436847138 0.0476372687 0.0443672619 0.0490256419 0.0543411246 0.0476603069 0.0498319196 0.0562714080 0.0435373745 0.0437587886 0.0243040038 0.0311774165 0.0226520013 0.0346938607 0.0389000726 0.0368908576 0.0579925348 0.0410893287 0.0417818688 0.0381158353 0.0426061799 0.0532857215 0.1289357187 0.1432994217 0.1348272487 0.1357259197 0.1215810362 0.1271989545 0.0459964657 0.0501968834 
LON_T8_8_S50_L003      0.1604770472 0.1545197157 0.1512705249 0.1553011338 0.0651176529 0.0631586813 0.0574980736 0.0661084797 0.0381384395 0.0309157413 0.0314815842 0.0312238243 0.4782915699 0.4799191758 0.4749940465 0.1229574781 0.1260897844 0.1274946898 0.2491094194 0.2431692610 0.2373974225 0.2386902250 0.0342388557 0.0195845169 0.0303596583 0.0207788164 0.0000000000 0.0413777988 0.0430710533 0.1314433340 0.1276391550 0.1306195958 0.0501738620 0.0410210850 0.0444229833 0.0414923601 0.0457336626 0.0518914914 0.0447085668 0.0464678247 0.0534135380 0.0409990028 0.0413703605 0.0202848036 0.0281179392 0.0199646232 0.0332286581 0.0366818318 0.0354341248 0.0549751267 0.0388282821 0.0396694714 0.0361405046 0.0402767935 0.0507156831 0.1271565836 0.1419663041 0.1331858858 0.1342195648 0.1201067277 0.1258198804 0.0430624733 0.0474251776 
MTH15_S5_L006          0.1615253626 0.1555466046 0.1529310506 0.1566214006 0.0736884142 0.0711319879 0.0658368930 0.0751759212 0.0554468297 0.0433655208 0.0457327888 0.0452519211 0.4795307875 0.4813269154 0.4775233590 0.1282103473 0.1314037947 0.1326197573 0.2555544016 0.2506884888 0.2446628140 0.2454170257 0.0200234918 0.0440716358 0.0554317177 0.0443236742 0.0413777988 0.0000000000 0.0125919986 0.1366031077 0.1323406129 0.1357942491 0.0385788873 0.0301553278 0.0322578752 0.0304825339 0.0329521594 0.0432310797 0.0362778388 0.0426456309 0.0490689028 0.0357741450 0.0157185785 0.0423111211 0.0493110804 0.0426005490 0.0516321047 0.0536715414 0.0521017063 0.0744755887 0.0559939138 0.0577011985 0.0534302088 0.0575893862 0.0694787941 0.1324881202 0.1471739516 0.1386146985 0.1396320848 0.1259623772 0.1311927316 0.0211316951 0.0246174738 
MTH17_S2_L006          0.1636082184 0.1580986061 0.1551748408 0.1589910981 0.0762814368 0.0734290463 0.0677984312 0.0773444399 0.0576617681 0.0451888983 0.0476282784 0.0470224112 0.4820703340 0.4838895478 0.4799248410 0.1305692366 0.1338766618 0.1350233745 0.2578252689 0.2526505820 0.2468763969 0.2477596634 0.0214639530 0.0461314001 0.0576664231 0.0461391647 0.0430710533 0.0125919986 0.0000000000 0.1390609283 0.1349639797 0.1382177049 0.0414961250 0.0321569288 0.0345313114 0.0331051055 0.0353056669 0.0462445808 0.0388183987 0.0453377395 0.0514407765 0.0385489625 0.0169454277 0.0440782544 0.0510839446 0.0443330367 0.0531455561 0.0558184623 0.0542271051 0.0767623436 0.0582334774 0.0600122211 0.0555231665 0.0597933555 0.0719359362 0.1350293299 0.1496797823 0.1409718432 0.1419462500 0.1282445017 0.1335548893 0.0227687139 0.0258415579 
PAR_KK168_S32_L003     0.1569043515 0.1509839614 0.1485007609 0.1537537735 0.1495408805 0.1464781251 0.1400500567 0.1522268263 0.1444386295 0.1299929837 0.1295142912 0.1288471296 0.5029648587 0.5041632408 0.4999757474 0.0154623700 0.0125833191 0.0177943300 0.2651659385 0.2590540285 0.2528833336 0.2557300262 0.1307260890 0.1327461706 0.1470094627 0.1327355879 0.1314433340 0.1366031077 0.1390609283 0.0000000000 0.0198297410 0.0250413922 0.1445114902 0.1310743086 0.1361480776 0.1334504350 0.1382766776 0.1437914215 0.1363855125 0.1389180900 0.1472813169 0.1324131414 0.1358519792 0.1315779881 0.1419932792 0.1322768675 0.1412555272 0.1123220073 0.1087954273 0.1351913179 0.1151176748 0.1192329328 0.1119152518 0.1169713251 0.1269331723 0.0198655417 0.0141701257 0.0161222377 0.0151144926 0.0102429568 0.0195105550 0.1393299205 0.1441989793 
PAR_KK180_S22_L006     0.1541383566 0.1479126660 0.1456735473 0.1511409971 0.1463072310 0.1431127916 0.1367267388 0.1488552636 0.1410277808 0.1264089134 0.1254105171 0.1254181156 0.4984288107 0.4994830922 0.4955621026 0.0100254694 0.0107307456 0.0132978079 0.2625828779 0.2567300367 0.2503120318 0.2531254536 0.1267393548 0.1288802412 0.1432096640 0.1289830117 0.1276391550 0.1323406129 0.1349639797 0.0198297410 0.0000000000 0.0253612980 0.1397995254 0.1268169863 0.1318319044 0.1290956385 0.1338374212 0.1397940049 0.1320879775 0.1346717853 0.1433469961 0.1273722460 0.1313771253 0.1276215212 0.1380503919 0.1287179367 0.1376367647 0.1087846556 0.1054648723 0.1314342140 0.1115668287 0.1155575223 0.1083763654 0.1133929243 0.1235561336 0.0187027894 0.0262892369 0.0188959746 0.0213931763 0.0161297885 0.0187536462 0.1348336070 0.1395033138 
PAR_KK182_S16_L006     0.1593720438 0.1537617957 0.1509488796 0.1564958459 0.1499298916 0.1468739829 0.1404863502 0.1526596648 0.1439309078 0.1296319496 0.1288183037 0.1284453115 0.5034793212 0.5046619124 0.5007456106 0.0203494005 0.0181530493 0.0233481982 0.2679267011 0.2621146932 0.2558142185 0.2584241554 0.1304014148 0.1317683331 0.1459710190 0.1316429251 0.1306195958 0.1357942491 0.1382177049 0.0250413922 0.0253612980 0.0000000000 0.1441277669 0.1306154971 0.1355123839 0.1327479648 0.1371598873 0.1434606435 0.1358314405 0.1386058516 0.1470135186 0.1316162840 0.1348983708 0.1302829941 0.1407764901 0.1313748889 0.1404636194 0.1104328872 0.1072496770 0.1329834699 0.1132349850 0.1174439947 0.1102994513 0.1150812913 0.1259315703 0.0187411926 0.0354320122 0.0275233894 0.0217472341 0.0157689393 0.0237253287 0.1384479784 0.1433507020 
PUN-R_ELF11_S25_L006   0.1675105836 0.1617186692 0.1588921840 0.1623939557 0.0819010784 0.0792823317 0.0737806136 0.0829539151 0.0641964415 0.0513562084 0.0540364363 0.0536297162 0.4875803197 0.4894624015 0.4859903457 0.1359960587 0.1391317130 0.1403836151 0.2637071674 0.2589732406 0.2527360108 0.2537648113 0.0367348638 0.0534774365 0.0653323676 0.0536808131 0.0501738620 0.0385788873 0.0414961250 0.1445114902 0.1397995254 0.1441277669 0.0000000000 0.0289183512 0.0314571878 0.0294346253 0.0315144317 0.0445303452 0.0371280878 0.0445379329 0.0501635821 0.0368016301 0.0385849009 0.0509920736 0.0598976020 0.0518884040 0.0605394605 0.0618956543 0.0599923973 0.0834437202 0.0643294689 0.0662180803 0.0616198897 0.0659334277 0.0790676119 0.1400953915 0.1550352324 0.1465063112 0.1472354614 0.1338977722 0.1390910547 0.0419883961 0.0456772564 
PUN-R_JMC19_S11_L006   0.1527729398 0.1464633815 0.1439699208 0.1474542625 0.0697368059 0.0677431008 0.0620190270 0.0712279704 0.0537091250 0.0414876751 0.0435476987 0.0429061848 0.4743864188 0.4763189949 0.4726730381 0.1229341962 0.1261017392 0.1271860261 0.2498052031 0.2450754520 0.2387992059 0.2394795487 0.0281435841 0.0435312125 0.0542671784 0.0436847138 0.0410210850 0.0301553278 0.0321569288 0.1310743086 0.1268169863 0.1306154971 0.0289183512 0.0000000000 0.0223345546 0.0200393192 0.0225596604 0.0343451725 0.0284692520 0.0336930143 0.0388687921 0.0266986950 0.0299158677 0.0412555895 0.0498501752 0.0422846050 0.0503267278 0.0515588212 0.0500552075 0.0720612756 0.0538578987 0.0559621691 0.0513661041 0.0554076574 0.0679933341 0.1268480564 0.1417043836 0.1333458636 0.1342147456 0.1205229459 0.1256694962 0.0332931154 0.0366782900 
PUN-R_LH19-2_S13_L006  0.1590397764 0.1533273222 0.1504573721 0.1539897488 0.0747327794 0.0726704111 0.0672207427 0.0761698884 0.0579446512 0.0449397748 0.0474591120 0.0471418955 0.4776597361 0.4794332152 0.4764378028 0.1281856867 0.1309722738 0.1324473835 0.2553984375 0.2508242911 0.2444025054 0.2455808817 0.0308718201 0.0471789150 0.0579640824 0.0476372687 0.0444229833 0.0322578752 0.0345313114 0.1361480776 0.1318319044 0.1355123839 0.0314571878 0.0223345546 0.0000000000 0.0222601910 0.0246241031 0.0380099724 0.0308843741 0.0381158779 0.0438640244 0.0305898823 0.0323873968 0.0448683962 0.0533933318 0.0455024959 0.0540114434 0.0555619881 0.0539200816 0.0765269716 0.0579336896 0.0598034467 0.0554814904 0.0595070066 0.0719397711 0.1319997552 0.1469710271 0.1382293847 0.1392282574 0.1255979200 0.1309439282 0.0354357717 0.0388301006 
PUN-R_MT10_S19_L006    0.1566974875 0.1509284921 0.1479415626 0.1519563603 0.0711824572 0.0693966005 0.0640921883 0.0728014066 0.0555056037 0.0427134357 0.0450344426 0.0445583458 0.4754120540 0.4771227577 0.4737891477 0.1250479684 0.1281203226 0.1294051528 0.2519652530 0.2473246112 0.2410544723 0.2421209302 0.0290086723 0.0442530150 0.0555389788 0.0443672619 0.0414923601 0.0304825339 0.0331051055 0.1334504350 0.1290956385 0.1327479648 0.0294346253 0.0200393192 0.0222601910 0.0000000000 0.0226499387 0.0352421584 0.0286891642 0.0351467006 0.0406588760 0.0281430749 0.0305385273 0.0420413985 0.0508474394 0.0430656633 0.0510509450 0.0530363357 0.0518980884 0.0741064161 0.0554097082 0.0572863140 0.0533343861 0.0569652962 0.0693961149 0.1289480356 0.1440872249 0.1353781270 0.1362672047 0.1228417270 0.1279265893 0.0339636375 0.0370997648 
PUN-R_UCSD13_S4_L006   0.1613357217 0.1554844473 0.1526418623 0.1561859305 0.0761426677 0.0739219368 0.0681467441 0.0773679959 0.0597669934 0.0466003800 0.0489504822 0.0484282490 0.4810668125 0.4828575979 0.4794612663 0.1301300763 0.1328602603 0.1342814774 0.2576302598 0.2525910188 0.2465747056 0.2474012452 0.0319448681 0.0488511424 0.0592411176 0.0490256419 0.0457336626 0.0329521594 0.0353056669 0.1382766776 0.1338374212 0.1371598873 0.0315144317 0.0225596604 0.0246241031 0.0226499387 0.0000000000 0.0401597962 0.0329690864 0.0403018486 0.0457778687 0.0326957273 0.0333513229 0.0460697700 0.0551793292 0.0467350644 0.0556380764 0.0563506258 0.0548888352 0.0772497400 0.0586604915 0.0608982665 0.0562465168 0.0602648124 0.0731206013 0.1336409390 0.1490101458 0.1404215647 0.1411441519 0.1275458029 0.1329275030 0.0363823095 0.0397442004 
PUN-Y_BCRD11_S9_L006   0.1648175635 0.1588453364 0.1559418129 0.1597984775 0.0824228546 0.0800159460 0.0741544839 0.0837027246 0.0656152522 0.0513058682 0.0537144386 0.0531944119 0.4850827797 0.4873800886 0.4840112980 0.1356962621 0.1386142066 0.1399437928 0.2629456941 0.2580895570 0.2520767118 0.2528840116 0.0407151672 0.0540169616 0.0662568043 0.0543411246 0.0518914914 0.0432310797 0.0462445808 0.1437914215 0.1397940049 0.1434606435 0.0445303452 0.0343451725 0.0380099724 0.0352421584 0.0401597962 0.0000000000 0.0321811892 0.0428165352 0.0484138152 0.0358395036 0.0434297278 0.0521363488 0.0613633832 0.0528758085 0.0613234427 0.0624284643 0.0610032923 0.0837946093 0.0648742622 0.0668565432 0.0624871428 0.0665376857 0.0791203037 0.1395057250 0.1549265904 0.1463766009 0.1471520082 0.1330716612 0.1384954408 0.0466510587 0.0505083960 
PUN-Y_INJ10_S24_L006   0.1587166329 0.1527491437 0.1500818496 0.1541207351 0.0748360965 0.0727641090 0.0671647268 0.0765957690 0.0575162065 0.0440644737 0.0471883462 0.0464454001 0.4779091078 0.4797761637 0.4763951684 0.1281277321 0.1311083254 0.1324532545 0.2550935673 0.2500015221 0.2438543965 0.2451923669 0.0340199603 0.0475551581 0.0586081031 0.0476603069 0.0447085668 0.0362778388 0.0388183987 0.1363855125 0.1320879775 0.1358314405 0.0371280878 0.0284692520 0.0308843741 0.0286891642 0.0329690864 0.0321811892 0.0000000000 0.0366425890 0.0424342781 0.0307353235 0.0358827376 0.0456447106 0.0542910952 0.0463615662 0.0541941828 0.0555615093 0.0542578741 0.0764206602 0.0579165088 0.0599787306 0.0557335034 0.0595258730 0.0724146404 0.1324150388 0.1469366022 0.1384280189 0.1394198185 0.1258592573 0.1309544838 0.0392556593 0.0432157344 
PUN-Y_LO4_S18_L006     0.1604299225 0.1540722824 0.1515049014 0.1555684483 0.0781084110 0.0759606443 0.0704605431 0.0800153482 0.0595601209 0.0468789180 0.0491714444 0.0484703367 0.4833347669 0.4849456402 0.4815165971 0.1311226150 0.1340205204 0.1353579793 0.2586112594 0.2537961763 0.2476257080 0.2486057326 0.0396210747 0.0493168512 0.0606926596 0.0498319196 0.0464678247 0.0426456309 0.0453377395 0.1389180900 0.1346717853 0.1386058516 0.0445379329 0.0336930143 0.0381158779 0.0351467006 0.0403018486 0.0428165352 0.0366425890 0.0000000000 0.0353836194 0.0275691474 0.0427263810 0.0472440608 0.0561581073 0.0479932928 0.0564741370 0.0584097379 0.0566021893 0.0793431022 0.0607868236 0.0624156949 0.0578899689 0.0624372535 0.0744659900 0.1350256850 0.1498307381 0.1414329802 0.1420340363 0.1282730319 0.1335452895 0.0456535110 0.0491384886 
PUN-Y_PCT7_S12_L006    0.1685296728 0.1622333219 0.1597058939 0.1634727426 0.0858064433 0.0836260044 0.0778152486 0.0878240325 0.0673232357 0.0538110297 0.0560594198 0.0556127351 0.4919642753 0.4940127902 0.4905104201 0.1391394808 0.1422193248 0.1434668024 0.2670798080 0.2622670612 0.2561147440 0.2570675727 0.0453856621 0.0562959236 0.0680128249 0.0562714080 0.0534135380 0.0490689028 0.0514407765 0.1472813169 0.1433469961 0.1470135186 0.0501635821 0.0388687921 0.0438640244 0.0406588760 0.0457778687 0.0484138152 0.0424342781 0.0353836194 0.0000000000 0.0330739907 0.0483033974 0.0543534464 0.0632739269 0.0551001397 0.0640201604 0.0654070416 0.0634954222 0.0873501356 0.0678277641 0.0698000977 0.0652736143 0.0695524233 0.0825129772 0.1433344852 0.1584601636 0.1496264919 0.1506694821 0.1367969718 0.1421714941 0.0524936430 0.0560421405 
PUN-Y_POTR15_S14_L006  0.1535921861 0.1475726756 0.1451926056 0.1488611499 0.0716822554 0.0696911080 0.0640854067 0.0732904893 0.0539912114 0.0416962029 0.0436208896 0.0432249503 0.4753827567 0.4771746399 0.4735536228 0.1239649813 0.1269760547 0.1282816045 0.2515716850 0.2467155128 0.2406655668 0.2417153166 0.0328760272 0.0435756092 0.0545209562 0.0435373745 0.0409990028 0.0357741450 0.0385489625 0.1324131414 0.1273722460 0.1316162840 0.0368016301 0.0266986950 0.0305898823 0.0281430749 0.0326957273 0.0358395036 0.0307353235 0.0275691474 0.0330739907 0.0000000000 0.0357618731 0.0421215648 0.0505751699 0.0421131986 0.0505044794 0.0521322256 0.0506929201 0.0725181400 0.0544571958 0.0561111025 0.0520635889 0.0560480936 0.0685351884 0.1279570144 0.1429097333 0.1344308864 0.1355459834 0.1218119779 0.1267537720 0.0387517756 0.0427846065 
RPR16_S23_L006         0.1609076478 0.1549743725 0.1522812685 0.1562456931 0.0729213691 0.0702704592 0.0651822273 0.0745933963 0.0549523710 0.0426568573 0.0452123012 0.0444521321 0.4786299891 0.4804340581 0.4766508773 0.1273523473 0.1305173740 0.1317223143 0.2547726273 0.2498657137 0.2438900870 0.2447452926 0.0196371023 0.0435903287 0.0548734899 0.0437587886 0.0413703605 0.0157185785 0.0169454277 0.1358519792 0.1313771253 0.1348983708 0.0385849009 0.0299158677 0.0323873968 0.0305385273 0.0333513229 0.0434297278 0.0358827376 0.0427263810 0.0483033974 0.0357618731 0.0000000000 0.0418106232 0.0482459681 0.0420671101 0.0508369408 0.0530943616 0.0512936103 0.0738336144 0.0554511742 0.0573320716 0.0530408643 0.0569920488 0.0691848032 0.1315871362 0.1463519838 0.1379740288 0.1388234436 0.1250540085 0.1302835832 0.0203166850 0.0234915046 
RUT_DPR_R12_S53_L003   0.1606501861 0.1546670223 0.1517032380 0.1555891270 0.0666162809 0.0642312179 0.0588854561 0.0678776824 0.0401102469 0.0315838764 0.0321407765 0.0317496949 0.4778043105 0.4795088422 0.4747094107 0.1229658945 0.1260725015 0.1273809904 0.2479761447 0.2427180977 0.2367238857 0.2376420854 0.0362201024 0.0220201012 0.0317010938 0.0243040038 0.0202848036 0.0423111211 0.0440782544 0.1315779881 0.1276215212 0.1302829941 0.0509920736 0.0412555895 0.0448683962 0.0420413985 0.0460697700 0.0521363488 0.0456447106 0.0472440608 0.0543534464 0.0421215648 0.0418106232 0.0000000000 0.0333822405 0.0210917249 0.0352716848 0.0386505484 0.0373630207 0.0576648576 0.0408856129 0.0420629503 0.0381470979 0.0423332393 0.0535789812 0.1272948723 0.1421667849 0.1335669623 0.1342001344 0.1200690059 0.1257858163 0.0445723037 0.0486385090 
RUT_MBR4_R3_S42_L003   0.1713995599 0.1656323685 0.1625735410 0.1665835732 0.0767914896 0.0745201814 0.0684712621 0.0781434756 0.0452374200 0.0376934257 0.0391889432 0.0389015819 0.4892464976 0.4910317019 0.4860928862 0.1329926956 0.1364631218 0.1378647127 0.2601897916 0.2551793167 0.2495463682 0.2504287511 0.0425581671 0.0310789051 0.0443119652 0.0311774165 0.0281179392 0.0493110804 0.0510839446 0.1419932792 0.1380503919 0.1407764901 0.0598976020 0.0498501752 0.0533933318 0.0508474394 0.0551793292 0.0613633832 0.0542910952 0.0561581073 0.0632739269 0.0505751699 0.0482459681 0.0333822405 0.0000000000 0.0320845194 0.0389422730 0.0485562169 0.0470786685 0.0689321333 0.0509172907 0.0523265426 0.0482143425 0.0525008814 0.0640078745 0.1376135387 0.1524536488 0.1438089884 0.1449707699 0.1304704570 0.1359731939 0.0512333068 0.0558684012 
RUT_SS_R19_S45_L003    0.1597828316 0.1539369201 0.1510772844 0.1551771865 0.0668073101 0.0644067716 0.0589688108 0.0680658940 0.0391057925 0.0312163418 0.0325336974 0.0321227541 0.4785716454 0.4802250268 0.4757455680 0.1238356604 0.1266797399 0.1282273008 0.2497456779 0.2444556703 0.2384954356 0.2399010217 0.0359846676 0.0207093538 0.0151330707 0.0226520013 0.0199646232 0.0426005490 0.0443330367 0.1322768675 0.1287179367 0.1313748889 0.0518884040 0.0422846050 0.0455024959 0.0430656633 0.0467350644 0.0528758085 0.0463615662 0.0479932928 0.0551001397 0.0421131986 0.0420671101 0.0210917249 0.0320845194 0.0000000000 0.0344745007 0.0391471004 0.0378559745 0.0583257181 0.0413973230 0.0423765586 0.0383750072 0.0428963627 0.0532311003 0.1283845971 0.1429136269 0.1342201963 0.1351061617 0.1210807157 0.1269644877 0.0446055465 0.0490796401 
RUT_WTF_S48_L003       0.1696117520 0.1633171174 0.1603789129 0.1646671903 0.0764849613 0.0742406830 0.0684024593 0.0776894452 0.0412021208 0.0354412141 0.0365612132 0.0368459460 0.4870064968 0.4886787470 0.4835096673 0.1327361507 0.1356353972 0.1373389144 0.2576233324 0.2526034001 0.2464697307 0.2479815998 0.0442475964 0.0348318704 0.0472875964 0.0346938607 0.0332286581 0.0516321047 0.0531455561 0.1412555272 0.1376367647 0.1404636194 0.0605394605 0.0503267278 0.0540114434 0.0510509450 0.0556380764 0.0613234427 0.0541941828 0.0564741370 0.0640201604 0.0505044794 0.0508369408 0.0352716848 0.0389422730 0.0344745007 0.0000000000 0.0498925184 0.0482516548 0.0700923089 0.0522166784 0.0531043430 0.0489103899 0.0538639899 0.0653833080 0.1370941445 0.1522028297 0.1432157086 0.1441609865 0.1297340297 0.1359617671 0.0535262940 0.0580227670 
